Sales	SqFt	Inv	Adv	Pop	MedInc
201.6	4.3	539	5.2	15.5	46
138.3	2.9	431.8	10.9	11.3	52.6
245.6	3	259.5	12.4	14.6	50.4
185.1	2.1	535.8	5.8	8.8	40.5
127.7	4.3	476.5	11.6	6.4	49.2
157.5	4.8	527.4	9.7	7	48
135.2	3.7	480	6.9	6.6	47.1
195.5	2	406.7	8	15.7	48.2
182.2	3	359.6	7.6	16.4	47.1
240.6	3.1	416.8	9.2	13.9	49.1
307.1	4.2	561.6	12.5	22.4	45
139.6	3.4	443.3	5.2	20.5	37.6
161.5	3.1	478.9	6.9	8.1	48.2
310.6	4.3	442.2	9.6	21.3	44.6
155.8	3.8	413.8	7.8	18.8	39.9
226.5	2.7	458.6	9.5	12.9	46.4
298.6	4.4	424.3	13.3	16.3	50.2
150.5	4.2	566.4	12.1	10.4	47.7
253.1	3.9	370.9	10.6	15	49.8
240.2	4.7	336.1	12.9	19.2	54.1
303.5	4.5	479.3	11.1	22.4	46.4
322	3.5	418.3	15	23.6	53.4
406.7	4.2	407.2	12	15.1	48.7
222.6	3.9	441.3	6.4	20.4	41.5
156.1	4.6	425.6	14.1	5.1	47.7
165.2	4.4	370.3	7.5	7.7	45.3
241.3	3.9	593.5	9.3	14.3	44.6
326.7	4.2	491.3	9.9	21	44.6
207.9	4.3	535.4	12.7	12.9	50.2
171.3	2.3	519.8	7.9	16.2	42.8
248.7	2.7	384.3	8	24.4	44.9
181.5	3.2	557	13.7	10.4	54
353.8	5	340.5	11.6	24.1	48.8
199.7	2.4	524.5	8.9	24.4	41.5
256.2	3	594.1	10.5	22.1	49.9
410.1	5	488.3	13.6	23.6	51.2
305.4	4.8	467.9	13.5	18.9	53.9
124.8	2.6	486	8.6	5.8	43.4
65.1	5	380.2	6.2	5.6	45
285.6	4	512.3	14.6	18	53.2
95	4.4	525.2	5.9	6.1	43.2
150.4	4.3	408.2	8.2	9	43.9
293.1	4.9	477.6	14.6	21.4	53.2
216.6	4	487.7	7.4	12.9	41.8
83.1	3.1	417.2	10.6	12.9	52.7
252.5	4.4	516.2	10.4	12	43.6
188.6	4.9	518.7	9.2	9.5	48.6
278.2	2.7	465.9	12.6	20.1	50.9
113.6	4.1	499.5	7	7.7	38.6
96.8	3.7	543.4	5.8	7.2	40.7
312.1	3	462.4	14	20.8	47
195.9	2.5	370.2	9.9	13.1	46.9
314.7	3.1	382.9	10.3	24.6	48.1
244.5	2.3	297.4	7.6	14.6	48.7
215.6	4.3	510.8	9.7	7.6	42.5
216.6	3.2	538.1	6.4	23.4	46.5
266.8	2.8	338.3	10.4	11.9	45.5
217.1	2.1	368.4	8.4	15.5	42.3
289.5	4.6	457.8	14.1	8.4	47.9
148.6	3	228.2	14.5	10.6	53.6
191.8	3.9	454.6	11.7	22.8	51.5
244.2	2.4	275.2	12	16	47.3
198.2	4.9	504.6	11.5	15.3	52.7
279.7	4.4	547.9	9.8	21.9	51.7
160.5	2.9	520.8	5.7	5.7	44.9
148.2	2.6	560	6.1	14	42.6
201.5	4.2	480.5	8.9	18.3	45.2
30.7	3.8	393.2	5.1	10.8	36.5
340	4.2	497.4	5.7	16.4	46.5
318.8	2.4	338.3	8.3	24.5	47.3
272.6	4.4	347	12.4	16.9	53.2
156.3	2.1	563.2	13.8	12.3	54.2
185.2	3	414.2	6.8	15.3	43.6
282.8	2.7	385.7	10.4	20.2	44.8
275.2	3.9	494.9	10.3	11.5	52.1
255.4	2.5	511.6	7.8	17.1	47.7
182.6	3.8	360.9	11.6	16.1	52.7
208.5	4.8	548.7	12.3	7.9	48.4
330	4.3	577.9	10.2	18.1	43.3
171	2.5	459	10.1	6.5	47.5
282	4.6	477.5	5.4	22.5	36.5
244	3.5	532.3	7.5	5.4	43
124.5	2.8	307.2	9.3	17.1	45.5
203.6	3.9	431.5	6.2	16.1	43.1
237.1	4.3	524.5	6.8	7.6	45.2
167.3	2.9	559	7.9	6.5	46.8
249.1	4	321.4	11.7	23.7	46
175.5	2.2	341.5	11	14.7	48.3
259.3	4.3	421.2	13	15.6	45.8
208.4	4.1	593.6	12.3	5.3	48.6
194.1	4.7	451.9	7.1	6.3	42.6
282.2	3.1	319.2	14.4	23.6	52.3
168.1	4.4	482	12.3	6.2	53.8
304.1	4.5	387.8	14	22.4	51.5
177.2	3.1	526.6	10.3	8.9	51.9
251.3	3.2	406.2	8.6	13.8	47.8
252.3	3.2	529.2	9.3	16.2	46
392.4	2.1	566	6.1	24.9	45.2
231.8	5	388.6	9.7	5.2	44.9
126.5	3.5	391.3	11.5	6.6	47.4
186.1	3.5	401.8	9.3	8.1	42.2
235	4.4	442.5	11.3	15.1	49.1
201.5	4.6	529.7	14.9	19.1	54.4
219.1	3.8	528.1	5.8	24.2	45.7
225.3	4.2	371	8	9	47.7
238.6	4.2	440.2	9.7	8.1	50.2
418.7	3	438.4	11.3	22.8	48
269.7	2.5	485.8	7.4	13.2	39.6
161.5	4	499.6	8.7	6.5	43.1
179.9	2.8	288.9	13.9	7.3	56.6
125.4	2.5	467.3	7.1	6.5	39
196.1	2.4	370.6	13.6	24.1	47.2
275.7	3.4	409.8	7.5	13.5	44.8
218.4	3.4	560.7	10.5	15.4	48.5
182.1	2.4	460.1	9.6	10.7	44.4
357.9	3.7	471.9	13.8	23.4	51.8
167	2.9	290.8	9.5	15.8	47.9
211.9	4.3	506.7	9.4	16.9	43.2
274.9	2.1	470	6.5	18.3	44.6
177.5	2.1	418.1	9.8	17.1	47.2
146.2	3.7	318.6	8.5	9.7	42.9
221.4	2.8	532.3	6.1	16.1	41.5
214.1	4.5	616	7.3	10.9	42.5
243.4	3.1	366.5	11.2	5.8	44.1
248.1	3.1	444.6	13.3	10.6	51.8
206.8	2.1	423	11.6	15	53
151.5	3.5	427.7	9	10.7	46.6
